5.219808965921401978e-02
-7.746574655175209045e-02
3.696590475738048553e-02
2.333165518939495087e-02
-2.671096357516944408e-03
-2.255655359476804733e-03
4.395138286054134369e-02
3.176716715097427368e-02
-7.252890244126319885e-02
-4.230993613600730896e-02
-1.634174026548862457e-02
-5.443117581307888031e-02
4.602997936308383942e-02
-8.763108029961585999e-02
-9.362677857279777527e-02
-2.395469974726438522e-02
1.018685288727283478e-01
1.251287609338760376e-01
-1.685116142034530640e-01
4.264000058174133301e-02
-1.392518356442451477e-01
-1.014572940766811371e-01
7.248887792229652405e-02
-2.864586096256971359e-02
-3.997222986072301865e-03
7.917642220854759216e-02
-1.567803043872117996e-02
1.314305663108825684e-01
1.854296587407588959e-02
-4.911530576646327972e-02
5.381223000586032867e-02
3.973659127950668335e-03
-3.333679400384426117e-02
2.580421324819326401e-02
1.354722306132316589e-01
1.656488254666328430e-01
1.097646765410900116e-01
-8.750870358198881149e-03
5.339303053915500641e-02
-8.684647083282470703e-02
5.048895627260208130e-02
1.294077038764953613e-01
4.193624947220087051e-03
7.722935825586318970e-02
4.814816080033779144e-02
-1.877584308385848999e-01
-1.373593136668205261e-01
1.852454394102096558e-01
-6.749525666236877441e-02
7.409448921680450439e-02
9.878792334347963333e-04
-1.821297220885753632e-02
-3.834160976111888885e-02
-3.039859142154455185e-02
-1.287344992160797119e-01
9.834710508584976196e-02
-8.897015452384948730e-02
-5.232907086610794067e-02
-6.482053920626640320e-02
8.635682240128517151e-02
-7.734159007668495178e-02
1.948953513056039810e-02
7.540329545736312866e-02
2.733246516436338425e-02
6.990240141749382019e-02
-3.261780738830566406e-02
-5.523208715021610260e-02
-5.973609350621700287e-02
3.246750310063362122e-02
-5.240982025861740112e-02
-6.818821281194686890e-02
1.266616722568869591e-02
-5.999045073986053467e-02
-2.486204914748668671e-02
-1.912878174334764481e-02
3.237771615386009216e-02
8.790192008018493652e-02
-6.961578130722045898e-02
-1.012396477162837982e-01
-4.005513712763786316e-02
-1.159380488097667694e-01
-1.779517903923988342e-02
-6.858048029243946075e-03
-7.887435611337423325e-03
1.552652393002063036e-03
-7.108977809548377991e-02
-1.197322122752666473e-01
6.759017705917358398e-02
-6.628872826695442200e-02
4.324297048151493073e-02
-7.322872057557106018e-02
1.545510515570640564e-01
2.981043886393308640e-02
3.097524633631110191e-03
-1.071898266673088074e-01
2.466017827391624451e-01
6.820316775701940060e-04
-1.374731734395027161e-01
-1.543349847197532654e-01
-6.481691077351570129e-02
-3.607380948960781097e-02
1.113005541265010834e-01
-2.510950341820716858e-02
1.908110603690147400e-01
4.822609387338161469e-02
6.971619278192520142e-02
-1.134297437965869904e-01
1.891963854432106018e-01
5.649663694202899933e-02
-9.194448590278625488e-03
-1.915474981069564819e-02
-5.821959348395466805e-03
8.820692449808120728e-02
8.803977817296981812e-02
-5.352938547730445862e-02
-6.911816820502281189e-02
-1.419938430190086365e-01
8.212883491069078445e-03
-1.107159256935119629e-01
4.590185359120368958e-02
-6.274176016449928284e-02
6.868440657854080200e-02
-8.299252763390541077e-02
-7.095180451869964600e-03
3.854507766664028168e-02
1.367978528141975403e-01
-2.007996477186679840e-02
4.526667110621929169e-02
