1.164301484823226929e-01
2.114540897309780121e-03
5.059990333393216133e-02
9.153922274708747864e-02
1.065187044441699982e-01
-9.062309283763170242e-03
2.159355906769633293e-02
-7.440750394016504288e-02
-3.326313477009534836e-02
-1.768288165330886841e-01
4.470928525552153587e-02
2.614007098600268364e-02
2.747954498045146465e-02
7.185772620141506195e-02
-5.005148006603121758e-03
1.844938378781080246e-02
9.543371945619583130e-02
1.293326988816261292e-01
-2.656227091210894287e-02
-2.210149820894002914e-02
4.104007221758365631e-02
-1.178359501063823700e-01
5.054154433310031891e-02
9.749554470181465149e-02
-1.125070825219154358e-02
1.499206721782684326e-01
-3.695425391197204590e-02
1.566715352237224579e-01
1.282656379044055939e-01
1.708951732143759727e-02
2.467406913638114929e-01
5.179432313889265060e-02
4.710623994469642639e-02
1.473601302132010460e-02
-8.269203454256057739e-02
4.631262272596359253e-03
1.413788795471191406e-01
-1.475366726517677307e-01
5.299919657409191132e-02
-2.549739088863134384e-02
-5.809199064970016479e-04
1.818761602044105530e-01
-2.926506206858903170e-02
8.231633156538009644e-02
-8.487768843770027161e-02
-1.325914589688181877e-02
-6.900598853826522827e-02
-4.344871151261031628e-03
5.866119265556335449e-02
5.471986345946788788e-02
-8.803732693195343018e-02
8.727761171758174896e-02
-7.281500846147537231e-02
-5.978297442197799683e-03
-7.560690864920616150e-02
5.014267284423112869e-02
-9.776300564408302307e-02
1.058098569046705961e-02
-1.298035122454166412e-02
2.249096482992172241e-01
-9.496829286217689514e-02
-4.743187874555587769e-02
3.782710060477256775e-03
1.037949435412883759e-01
6.611118465662002563e-02
2.275999682024121284e-02
4.254831839352846146e-02
-5.563833750784397125e-02
9.389885142445564270e-02
-7.448750175535678864e-02
-3.754721581935882568e-02
9.978993330150842667e-04
-4.773627570830285549e-02
1.831803470849990845e-02
1.013689376413822174e-01
5.784255824983119965e-02
6.992474570870399475e-02
5.740658100694417953e-02
4.934237524867057800e-02
-2.528752200305461884e-03
-1.224796473979949951e-01
1.107283309102058411e-01
1.545946002006530762e-01
-1.288322545588016510e-01
9.501869976520538330e-02
4.767310712486505508e-02
4.492865875363349915e-02
2.921136561781167984e-02
-1.733810995938256383e-02
2.672350034117698669e-03
-2.952593797817826271e-02
2.473429888486862183e-01
4.787641018629074097e-02
-3.424513153731822968e-02
9.140855446457862854e-02
8.947373367846012115e-02
-1.368733793497085571e-01
-5.343609582632780075e-02
-7.213896512985229492e-02
2.172905951738357544e-04
-1.103599416092038155e-02
1.224893629550933838e-01
3.244993835687637329e-02
1.406144276261329651e-01
5.572766810655593872e-02
4.982700385153293610e-02
1.889324281364679337e-02
1.163029447197914124e-01
-3.737852768972516060e-02
-1.857265532016754150e-01
1.267606317996978760e-01
-1.039914041757583618e-01
-8.746906183660030365e-03
1.920369639992713928e-02
-1.792225018143653870e-01
-5.015164241194725037e-02
-5.601125303655862808e-02
-9.867711737751960754e-02
-1.210212595760822296e-01
5.296999402344226837e-02
-4.907688125967979431e-02
2.259207796305418015e-02
4.574261792004108429e-02
2.989730332046747208e-02
5.512976460158824921e-02
-7.055406086146831512e-02
-6.533645093441009521e-02
4.950905870646238327e-02
