3.664648294448852539e+00
2.091790390014648438e+01
1.252625179290771484e+01
1.254543685913085938e+01
-2.627650260925292969e+00
-1.492923450469970703e+01
2.347654724121093750e+01
5.596245765686035156e+00
1.535239696502685547e+00
1.568581390380859375e+01
5.344120502471923828e+00
7.665480613708496094e+00
-3.543837547302246094e+00
4.823121070861816406e+00
4.610007762908935547e+00
1.351197147369384766e+01
5.958627223968505859e+00
2.273254585266113281e+01
-8.720826148986816406e+00
-1.058792686462402344e+01
-2.616252136230468750e+01
-1.516363430023193359e+01
9.212719798088073730e-01
7.201431751251220703e+00
2.462361145019531250e+01
-6.628296852111816406e+00
1.772300529479980469e+01
-1.590821838378906250e+01
1.534022426605224609e+01
-2.881848716735839844e+01
-3.154766082763671875e+01
-4.914107799530029297e+00
-2.171322822570800781e+00
-8.109428733587265015e-02
-8.350486755371093750e+00
-1.649066543579101562e+01
1.704021453857421875e+01
6.945586204528808594e-01
4.709760665893554688e+00
3.053598642349243164e+00
-2.245578193664550781e+01
1.762411117553710938e+01
2.563448524475097656e+01
-2.532212638854980469e+01
2.861801624298095703e+00
-1.221016979217529297e+01
1.757653045654296875e+01
1.071259975433349609e+01
2.600825691223144531e+01
-2.101133918762207031e+01
1.452115249633789062e+01
-2.326264858245849609e+00
-2.091330528259277344e+01
1.213646793365478516e+01
2.959528160095214844e+01
-1.363268756866455078e+01
-5.131999492645263672e+00
-4.494891762733459473e-01
1.061456775665283203e+01
2.410797882080078125e+01
2.379212760925292969e+01
1.876735305786132812e+01
-1.515653228759765625e+01
2.454144477844238281e+00
1.911558914184570312e+01
-1.326268386840820312e+01
-9.981792449951171875e+00
-2.000956726074218750e+01
6.911988258361816406e+00
1.755817532539367676e+00
-4.766732406616210938e+01
3.144367790222167969e+01
2.020833969116210938e+01
-1.644277763366699219e+01
-1.258622646331787109e+01
9.645245552062988281e+00
-1.402074432373046875e+01
-4.546121120452880859e+00
-6.421311855316162109e+00
5.234554767608642578e+00
1.070857524871826172e+01
1.606024169921875000e+01
2.713732004165649414e+00
-1.554933071136474609e+01
2.212078285217285156e+01
1.186196136474609375e+01
-2.596374702453613281e+01
9.892205238342285156e+00
-2.906836032867431641e+00
-5.909870624542236328e+00
-5.440785980224609375e+01
-2.107804870605468750e+01
-1.727342724800109863e+00
3.246628570556640625e+01
2.851166486740112305e+00
-1.123260784149169922e+01
1.033947181701660156e+01
-7.839127779006958008e-01
-4.472996139526367188e+01
-1.945265579223632812e+01
2.449198341369628906e+01
-1.700397300720214844e+01
-3.772878170013427734e+00
-1.297539138793945312e+01
-4.418718814849853516e+00
1.819755077362060547e+00
-6.563226699829101562e+00
-1.734430313110351562e+01
-2.332219696044921875e+01
1.358687496185302734e+01
-5.254519939422607422e+00
-8.828688621520996094e+00
4.808043003082275391e+00
1.038471508026123047e+01
1.703804969787597656e+00
3.791908264160156250e+00
2.153331565856933594e+01
4.397281706333160400e-01
-4.026095867156982422e+00
2.827559471130371094e+00
-2.983923435211181641e+00
-3.508882284164428711e+00
3.163661003112792969e+00
5.904488086700439453e+00
-2.800320243835449219e+01
-3.220553970336914062e+01
2.788883447647094727e+00
-2.653235435485839844e+01
-4.194160461425781250e+01
3.957296371459960938e+00
-2.340823554992675781e+01
9.189268946647644043e-01
7.972665786743164062e+00
-1.544118881225585938e+01
2.006240272521972656e+01
-1.650112342834472656e+01
1.602087211608886719e+01
-5.000910758972167969e-01
1.854949188232421875e+01
-1.669063377380371094e+01
2.877114295959472656e+00
9.397826194763183594e+00
7.489143371582031250e+00
8.484716415405273438e+00
-1.540768241882324219e+01
2.231008338928222656e+01
-2.204479789733886719e+01
1.934665107727050781e+01
1.399075222015380859e+01
1.130811214447021484e+00
-2.274952888488769531e+01
1.770582580566406250e+01
-6.906006336212158203e+00
3.804819583892822266e+00
7.908360958099365234e+00
-1.168752098083496094e+01
-1.151917129755020142e-01
3.507723236083984375e+01
1.395752811431884766e+01
-1.421921634674072266e+01
-5.282661914825439453e+00
-6.241541385650634766e+00
1.447053432464599609e+00
-2.448499488830566406e+01
3.115009069442749023e+00
-5.897943496704101562e+00
1.180730056762695312e+01
1.036368083953857422e+01
5.079629898071289062e+00
9.429884910583496094e+00
3.414492416381835938e+01
4.259507060050964355e-01
-3.636496305465698242e+00
-1.019077301025390625e+01
1.755189895629882812e+01
7.296900749206542969e+00
-2.157126808166503906e+01
-7.456290721893310547e+00
6.661428451538085938e+00
-2.059623336791992188e+01
-1.824011039733886719e+01
1.516107368469238281e+01
-1.497358894348144531e+01
1.052126312255859375e+01
-7.745567798614501953e+00
-4.972070693969726562e+00
-4.084843826293945312e+01
1.090100288391113281e+01
1.649410820007324219e+01
1.159926223754882812e+01
2.367115259170532227e+00
2.616245508193969727e+00
