6.078879348933696747e-02
-6.363673508167266846e-02
9.590618312358856201e-03
6.732228398323059082e-02
-8.700948953628540039e-02
6.069441512227058411e-02
2.425867319107055664e-02
3.673702478408813477e-03
6.878500804305076599e-02
-7.040487602353096008e-02
-1.602139882743358612e-02
2.816762588918209076e-02
-1.006710045039653778e-01
-3.109971061348915100e-03
-4.878687672317028046e-02
-3.055002260953187943e-02
7.361486554145812988e-02
9.300623461604118347e-02
-2.383548673242330551e-02
1.068420745432376862e-01
-5.195172131061553955e-02
4.589498788118362427e-02
-9.654575213789939880e-02
-1.942753512412309647e-02
4.125363565981388092e-02
3.711924515664577484e-02
1.065717674791812897e-01
1.021301932632923126e-01
6.612415984272956848e-02
3.128207288682460785e-02
2.379814349114894867e-02
-4.406488500535488129e-02
-4.323738999664783478e-02
-5.915845185518264771e-02
1.064677983522415161e-01
2.497354149818420410e-02
-3.354061394929885864e-03
-5.448424629867076874e-02
1.096370704472064972e-01
-4.133216664195060730e-02
1.507912576198577881e-01
2.172866952605545521e-03
2.425904665142297745e-02
7.403130829334259033e-02
4.758886806666851044e-02
1.313840001821517944e-01
-1.094771437346935272e-01
-1.240867786109447479e-01
4.762523993849754333e-02
4.847451299428939819e-02
-1.481442749500274658e-01
-2.744514495134353638e-02
-6.677770987153053284e-02
5.108912289142608643e-02
3.169264830648899078e-02
-5.731144547462463379e-02
-4.288089647889137268e-02
-3.149546124041080475e-02
-6.031036842614412308e-03
-9.760627895593643188e-02
-5.874262377619743347e-02
-3.583068959414958954e-02
-5.316256359219551086e-02
-4.361111111938953400e-02
3.102120291441679001e-02
-8.487280085682868958e-02
1.212474144995212555e-01
4.067154414951801300e-02
-6.323817884549498558e-03
4.478690959513187408e-02
-1.025760769844055176e-01
-6.909885257482528687e-02
4.487699083983898163e-02
-4.282577428966760635e-03
8.039298653602600098e-02
-1.924494747072458267e-03
-5.363143607974052429e-02
-1.146473502740263939e-02
-1.333963349461555481e-01
3.691724129021167755e-02
-8.862350136041641235e-02
3.510102257132530212e-02
-5.084802955389022827e-02
-1.111863516271114349e-01
6.897795572876930237e-02
-1.000971756875514984e-01
-1.433951556682586670e-01
-3.493589581921696663e-03
-8.191404491662979126e-02
1.275562122464179993e-01
-7.641533762216567993e-02
5.241379700601100922e-02
-1.091874018311500549e-02
-3.841641731560230255e-02
-6.041328981518745422e-02
1.712221056222915649e-01
-2.450985182076692581e-02
-4.270835407078266144e-02
-1.077652536332607269e-01
-1.516280174255371094e-01
-4.852270241826772690e-03
1.405379772186279297e-01
-6.828488409519195557e-02
3.121859394013881683e-02
1.504640802741050720e-01
1.155680045485496521e-01
-6.318246945738792419e-03
9.461881220340728760e-02
6.664082780480384827e-02
4.038693569600582123e-02
-3.048999421298503876e-02
6.444684928283095360e-03
1.655518636107444763e-01
-1.030862936750054359e-02
4.506075009703636169e-02
-5.685953656211495399e-03
-7.385711884126067162e-03
-7.517312839627265930e-02
-1.437077298760414124e-01
5.133979395031929016e-02
2.160269115120172501e-02
-2.613720111548900604e-02
1.194137334823608398e-01
1.771935969591140747e-01
-1.167873740196228027e-01
-1.054719602689146996e-02
-3.738048672676086426e-02
8.280438929796218872e-02
