1.178792715072631836e-01
-6.621430814266204834e-02
-1.125605516135692596e-01
2.425563614815473557e-02
-2.206901647150516510e-02
3.270210139453411102e-02
4.152424447238445282e-02
-9.084183722734451294e-03
-2.831225190311670303e-02
-9.952495992183685303e-02
-1.576744671911001205e-02
-9.821717068552970886e-02
6.244746968150138855e-02
-2.442782558500766754e-02
-1.001799479126930237e-01
8.156421035528182983e-02
1.051348187029361725e-01
7.034175470471382141e-02
-6.885775178670883179e-02
6.082559190690517426e-02
5.376887135207653046e-02
-8.933264017105102539e-02
1.534788757562637329e-01
-8.305303752422332764e-02
6.862932816147804260e-02
8.048560470342636108e-02
-5.578612536191940308e-02
1.909851953387260437e-01
2.195770945399999619e-02
-6.829042360186576843e-02
1.971768811345100403e-01
2.654237486422061920e-02
2.599038276821374893e-02
-3.135001379996538162e-02
-1.256242692470550537e-01
-2.101159840822219849e-02
1.481601595878601074e-01
-1.138400547206401825e-01
2.999411337077617645e-02
-1.308306157588958740e-01
-1.391404075548052788e-03
1.267684623599052429e-01
9.307827800512313843e-03
1.189319975674152374e-01
-3.794193826615810394e-02
-2.835602872073650360e-02
-7.585300505161285400e-02
-1.468890393152832985e-02
-1.026080772280693054e-01
8.327806368470191956e-03
3.923951834440231323e-02
1.147920917719602585e-02
-5.234966427087783813e-02
-4.749917425215244293e-02
-2.331452351063489914e-02
8.721143007278442383e-02
7.579111726954579353e-03
-8.871312811970710754e-02
-3.221947140991687775e-02
1.300965845584869385e-01
-1.231550537049770355e-01
-6.665622640866786242e-04
-1.598477456718683243e-02
7.664686068892478943e-02
1.394895911216735840e-01
7.583939470350742340e-03
8.487727865576744080e-02
-2.768545597791671753e-02
7.433842495083808899e-02
-1.288172230124473572e-01
-5.940008535981178284e-02
2.837903890758752823e-02
-1.698692422360181808e-02
2.435501758009195328e-02
-7.320223608985543251e-03
-4.414702020585536957e-02
1.314649805426597595e-01
-4.101395141333341599e-03
-3.362571442266926169e-05
-4.374923743307590485e-02
-7.231646403670310974e-02
1.156455986201763153e-01
1.585958525538444519e-01
-1.671419218182563782e-01
1.973261940293014050e-03
-1.681243628263473511e-02
8.726468682289123535e-02
6.892932206392288208e-02
-5.855734087526798248e-02
1.187997125089168549e-02
4.750741831958293915e-02
1.223275177180767059e-01
-5.247965222224593163e-03
3.057902771979570389e-02
2.078873571008443832e-02
-2.211573300883173943e-03
-1.689118891954421997e-01
-5.457279086112976074e-02
-1.639166250824928284e-01
-1.473898906260728836e-02
-8.362955600023269653e-02
7.296203821897506714e-02
4.795919405296444893e-03
5.484890937805175781e-02
1.131535358726978302e-01
-1.316186636686325073e-01
-1.135318391025066376e-01
3.136118222028017044e-02
-1.135367788374423981e-01
-1.683537140488624573e-01
5.547293834388256073e-02
-8.300261199474334717e-02
-1.105337701737880707e-01
1.173260621726512909e-01
-1.245526112616062164e-01
-1.141576655209064484e-02
-7.166126370429992676e-02
-1.148431142792105675e-02
-1.669873297214508057e-01
4.361271299421787262e-02
-1.838528644293546677e-02
3.389360196888446808e-02
1.394227221608161926e-01
3.147553279995918274e-02
1.164712049067020416e-01
2.772497595287859440e-03
-8.324638940393924713e-03
4.420878924429416656e-02
