1.641899299621582031e+01
1.414513301849365234e+01
2.371988105773925781e+01
8.861135482788085938e+00
-1.742776298522949219e+01
-5.303736686706542969e+00
3.326858520507812500e+00
1.485645866394042969e+01
1.467822360992431641e+01
8.958232879638671875e+00
2.610335540771484375e+01
4.539160919189453125e+01
2.247890710830688477e+00
1.308018589019775391e+01
1.386340618133544922e+01
3.339097976684570312e+01
2.310383033752441406e+01
-8.688842654228210449e-01
-1.770734977722167969e+01
1.318949127197265625e+01
-1.334472179412841797e+01
-1.943074798583984375e+01
-1.889294624328613281e+01
-8.566883087158203125e+00
-2.587899208068847656e+00
-2.005513381958007812e+01
5.038229942321777344e+00
-1.626190567016601562e+01
1.506083202362060547e+01
-8.122154474258422852e-01
-3.174622344970703125e+01
1.757242012023925781e+01
2.402091789245605469e+01
8.615370750427246094e+00
1.153321838378906250e+01
-1.503235149383544922e+01
-2.318343734741210938e+01
-3.026588821411132812e+01
-1.620434045791625977e+00
6.934718132019042969e+00
7.144675254821777344e-01
1.044768047332763672e+01
3.623064041137695312e+01
-1.104089641571044922e+01
-6.101289749145507812e+00
1.411143493652343750e+01
2.767830085754394531e+01
-4.587155532836914062e+01
1.689498519897460938e+01
8.718390464782714844e+00
1.621742725372314453e+00
1.502201747894287109e+01
-2.236754798889160156e+01
1.240802478790283203e+01
2.525621795654296875e+01
-3.950077438354492188e+01
-1.839484214782714844e+01
-2.787427425384521484e+00
1.368165588378906250e+01
4.421051025390625000e+00
8.279232025146484375e+00
-1.055304718017578125e+01
-3.453035354614257812e+00
-3.608620166778564453e+00
-1.452260589599609375e+01
-2.799072074890136719e+01
8.650393486022949219e+00
-3.679301440715789795e-01
-1.208329200744628906e+01
4.134467124938964844e+00
9.710038185119628906e+00
2.848161125183105469e+01
9.484709739685058594e+00
1.157686328887939453e+01
1.762431740760803223e+00
-2.035833549499511719e+01
-3.065977096557617188e+01
-3.044242286682128906e+01
-2.159961128234863281e+01
4.770623683929443359e+00
1.431194210052490234e+01
3.668451690673828125e+01
7.181859970092773438e+00
1.506340694427490234e+01
1.543298530578613281e+01
7.362098693847656250e+00
9.721306800842285156e+00
2.643983459472656250e+01
-2.619005393981933594e+01
-1.903577923774719238e+00
-8.194493293762207031e+00
-2.581918144226074219e+01
1.730683708190917969e+01
-2.703686714172363281e+00
6.980138778686523438e+00
-1.269192218780517578e+01
4.009078979492187500e+01
2.430845451354980469e+01
-1.561952304840087891e+01
-3.130364179611206055e+00
1.047286987304687500e+01
-4.934989452362060547e+00
-1.294063282012939453e+01
7.424478530883789062e-01
-1.918506050109863281e+01
1.091204643249511719e+00
-3.000946235656738281e+01
9.309189796447753906e+00
-2.348032474517822266e+00
2.278667259216308594e+01
1.536730861663818359e+01
-2.391871070861816406e+01
-5.415211200714111328e+00
-9.459734916687011719e+00
1.582221508026123047e+00
-4.356472969055175781e+00
8.876242041587829590e-01
8.816560506820678711e-01
3.250098419189453125e+01
2.219593811035156250e+01
-4.511276245117187500e+01
2.134307622909545898e+00
4.786085128784179688e+00
1.664158439636230469e+01
2.998417282104492188e+01
-3.661565399169921875e+01
3.758054733276367188e+01
-2.960591506958007812e+01
2.959099113941192627e-01
-1.371578025817871094e+01
-5.101884078979492188e+01
-3.229032754898071289e+00
2.956374740600585938e+01
1.783149337768554688e+01
1.210934543609619141e+01
-2.769243478775024414e+00
2.061000251770019531e+01
-1.218455886840820312e+01
-3.202824783325195312e+01
3.434201812744140625e+01
6.598702430725097656e+00
2.232801246643066406e+01
9.883974790573120117e-01
-1.717520141601562500e+01
-2.328107452392578125e+01
-9.963978767395019531e+00
-6.741660118103027344e+00
2.187570190429687500e+01
1.187851047515869141e+01
1.132030677795410156e+01
4.987410068511962891e+00
3.207968902587890625e+01
1.453943634033203125e+01
-7.849169731140136719e+00
-1.518748664855957031e+01
4.271913528442382812e+00
1.358241558074951172e+01
1.689289689064025879e+00
4.167729854583740234e+00
-1.454689884185791016e+01
-2.168699264526367188e+01
2.969648933410644531e+01
1.577420711517333984e+01
1.471135234832763672e+01
2.100827217102050781e+01
-1.123459720611572266e+01
1.975670623779296875e+01
5.061434745788574219e+00
2.128087234497070312e+01
-2.657071495056152344e+01
1.019768333435058594e+01
7.122339725494384766e+00
-2.360937118530273438e+01
1.015399742126464844e+01
-2.326185226440429688e+00
-2.692619895935058594e+01
1.383136177062988281e+01
9.794105529785156250e+00
-1.903497695922851562e+01
-5.380867481231689453e+00
-1.147686767578125000e+01
1.121804809570312500e+01
7.330544471740722656e+00
3.036454391479492188e+01
-2.376869392395019531e+01
1.507989215850830078e+01
-1.307567882537841797e+01
4.977046012878417969e+00
-5.031120300292968750e+00
-1.846604537963867188e+01
-8.848195075988769531e+00
1.370463275909423828e+01
