9.365144729614257812e+00
3.235240459442138672e+00
-1.399716436862945557e-01
2.746742248535156250e+00
4.342620849609375000e+00
1.257276916503906250e+01
1.749276733398437500e+01
-6.468279361724853516e-01
6.041645526885986328e+00
2.994474220275878906e+01
2.581790733337402344e+01
3.218762207031250000e+01
-1.383515477180480957e+00
1.293709087371826172e+01
1.416323280334472656e+01
-3.606341838836669922e+00
2.913532829284667969e+01
2.214110755920410156e+01
-1.850397109985351562e+01
1.479013061523437500e+01
7.714025020599365234e+00
-2.528425693511962891e+00
1.430307102203369141e+01
-1.716758012771606445e+00
-1.206454038619995117e+00
-1.264658164978027344e+01
4.297414779663085938e+00
-2.522562026977539062e+01
-5.435475826263427734e+00
-2.726808166503906250e+01
-3.642876434326171875e+01
-2.624407768249511719e+00
-1.197388935089111328e+01
-8.313459396362304688e+00
-7.619802474975585938e+00
-2.447683095932006836e+00
-1.554902744293212891e+01
-2.776736831665039062e+01
1.582739639282226562e+01
-3.685553312301635742e+00
-5.059057235717773438e+00
-5.270279571413993835e-02
1.583326625823974609e+01
-3.874351882934570312e+01
-7.876029014587402344e+00
3.899026632308959961e+00
-1.686799049377441406e+00
-2.995974540710449219e+01
2.770205688476562500e+01
6.344120025634765625e+00
2.535796356201171875e+01
4.891770553588867188e+01
-1.528468513488769531e+01
3.286061859130859375e+01
3.327799987792968750e+01
-3.051533699035644531e+01
-2.685947990417480469e+01
-3.260953903198242188e+01
8.188223838806152344e+00
2.108319473266601562e+01
1.127755928039550781e+01
2.839656829833984375e+01
-2.642505836486816406e+01
2.657910728454589844e+01
-1.971524715423583984e+00
-1.351192569732666016e+01
-5.250938892364501953e+00
-4.101298904418945312e+01
1.113178157806396484e+01
1.773852157592773438e+01
-1.669328689575195312e+01
2.498143959045410156e+01
5.625638961791992188e+00
-4.165759277343750000e+01
-1.408396434783935547e+01
-8.910674095153808594e+00
-1.692786335945129395e+00
-1.522701740264892578e+01
1.109703898429870605e+00
-5.374392032623291016e+00
1.913806724548339844e+01
1.898259735107421875e+01
-3.740189313888549805e+00
-1.910227203369140625e+01
2.255712890625000000e+01
3.507446289062500000e+01
-3.281212234497070312e+01
1.494262218475341797e+00
1.431079673767089844e+01
1.833307838439941406e+01
-4.819861054420471191e-01
-2.529485130310058594e+01
1.874557733535766602e-01
1.682716560363769531e+01
1.844873619079589844e+01
-1.137568950653076172e+00
-1.031745910644531250e+01
2.627425003051757812e+01
-1.071136665344238281e+01
7.613356590270996094e+00
1.866540527343750000e+01
2.046839523315429688e+01
-2.266394615173339844e+00
-4.543412208557128906e+00
-4.270880126953125000e+01
-2.155818462371826172e+00
7.405358791351318359e+00
3.179435491561889648e+00
-2.491729927062988281e+01
1.888946533203125000e+01
-7.813928127288818359e+00
4.249835014343261719e+00
2.405830955505371094e+01
1.798711967468261719e+01
3.487968063354492188e+01
-1.763719749450683594e+01
-4.051203727722167969e+00
-2.454165267944335938e+01
6.175601959228515625e+01
2.042572784423828125e+01
-1.970605278015136719e+01
1.447193050384521484e+01
1.033358287811279297e+01
1.734471702575683594e+01
1.008977222442626953e+01
-1.618945884704589844e+01
4.941797733306884766e+00
-1.596414566040039062e+01
-3.032161903381347656e+01
-5.299752712249755859e+00
-2.733695220947265625e+01
9.085412979125976562e+00
1.037004375457763672e+01
-1.216092395782470703e+01
4.127531814575195312e+01
-1.721444511413574219e+01
5.789581537246704102e-01
-2.208555793762207031e+01
-6.628396987915039062e+00
-1.093660449981689453e+01
-3.086480140686035156e+01
2.762621116638183594e+01
9.080265998840332031e+00
-2.952349472045898438e+01
1.930567550659179688e+01
2.153548002243041992e+00
5.452822208404541016e+00
4.488409042358398438e+01
1.597463512420654297e+01
-9.643371582031250000e+00
-6.132673740386962891e+00
9.582686424255371094e+00
-1.437670803070068359e+01
-2.557039499282836914e+00
1.705553627014160156e+01
-9.372974395751953125e+00
1.286149406433105469e+01
-1.190916538238525391e+01
1.036933040618896484e+01
-2.219951438903808594e+01
-6.592466354370117188e+00
2.313707351684570312e+01
2.579035377502441406e+01
1.185664463043212891e+01
4.267161846160888672e+00
2.277127265930175781e+01
1.858807355165481567e-01
-2.531638145446777344e+01
1.946695137023925781e+01
-2.626924896240234375e+01
1.326164054870605469e+01
5.672795772552490234e+00
-5.962654590606689453e+00
-1.840261840820312500e+01
-5.242585539817810059e-01
-1.334964275360107422e+01
3.196526908874511719e+01
-3.038114786148071289e+00
-1.331293869018554688e+01
-1.439349079132080078e+01
-7.351022720336914062e+00
1.259268951416015625e+01
-1.642980003356933594e+01
1.914879608154296875e+01
-2.502414131164550781e+01
5.648586153984069824e-01
-1.004698371887207031e+01
1.106148338317871094e+01
3.268606185913085938e+01
-8.178211212158203125e+00
-1.878811836242675781e+01
-1.592022895812988281e+01
