7.702079772949218750e+00
9.293066978454589844e+00
-9.159746766090393066e-01
-8.216574192047119141e-01
4.206219673156738281e+00
1.645077896118164062e+01
1.023896932601928711e+00
8.952693939208984375e+00
2.999679565429687500e+01
1.818607330322265625e+01
5.408031845092773438e+01
1.752470397949218750e+01
2.164694595336914062e+01
9.982696533203125000e+00
-2.786430597305297852e+00
1.510616111755371094e+01
3.539783477783203125e+00
4.466229438781738281e+00
-3.123518753051757812e+01
2.415594100952148438e+01
-8.777509689331054688e+00
-7.832790374755859375e+00
1.902932548522949219e+01
-9.601203918457031250e+00
2.397909355163574219e+01
-1.832438278198242188e+01
-2.234143495559692383e+00
-4.609841346740722656e+00
-6.730353236198425293e-01
-4.496840286254882812e+01
-2.815806198120117188e+01
-6.236142158508300781e+00
1.589797973632812500e+01
1.354258179664611816e+00
-2.376745605468750000e+01
6.831623077392578125e+00
4.455752849578857422e+00
1.316712093353271484e+01
-4.934913635253906250e+00
3.920699119567871094e+00
1.258685302734375000e+01
-1.114932775497436523e+00
4.996987152099609375e+01
-3.240113830566406250e+01
-8.765764236450195312e+00
-6.758500099182128906e+00
1.687462806701660156e+01
-4.850961303710937500e+01
1.288832473754882812e+01
-2.086318254470825195e+00
9.217144966125488281e+00
2.230157661437988281e+01
-1.025963687896728516e+01
1.912641525268554688e+01
9.983360290527343750e+00
-4.340815067291259766e+00
-2.051386356353759766e+00
-9.313905715942382812e+00
-4.895191788673400879e-01
-9.916931152343750000e+00
2.316793251037597656e+01
-1.501665878295898438e+01
-1.368208122253417969e+01
-1.168613147735595703e+01
1.666003227233886719e+01
-2.589212226867675781e+01
2.606637191772460938e+01
1.077615165710449219e+01
1.086064815521240234e+01
-1.914878082275390625e+01
5.288647651672363281e+00
2.774822044372558594e+01
-4.102719783782958984e+00
-1.776825332641601562e+01
2.564468574523925781e+01
-7.941011905670166016e+00
-2.709458112716674805e+00
-2.349539566040039062e+01
-1.064574813842773438e+01
2.306094741821289062e+01
-7.345642089843750000e+00
3.627676391601562500e+01
-1.127128791809082031e+01
-6.646116256713867188e+00
-8.243792533874511719e+00
1.166746520996093750e+01
1.831941986083984375e+01
-1.863205671310424805e+00
2.154224777221679688e+01
-3.954004764556884766e+00
-4.599269866943359375e+00
-1.882966804504394531e+01
1.997607231140136719e+01
-1.153308868408203125e+01
-5.797756195068359375e+00
-1.563263702392578125e+01
3.482794189453125000e+01
1.204485321044921875e+01
-3.381617355346679688e+01
-9.256420135498046875e+00
2.009899330139160156e+01
4.781797409057617188e+00
-1.640432357788085938e+01
1.356109619140625000e+01
-1.409074401855468750e+01
-7.856774330139160156e+00
-7.773329734802246094e+00
8.726406097412109375e+00
-2.723073244094848633e+00
1.791611289978027344e+01
-1.567012548446655273e+00
-2.982100009918212891e+00
1.370338678359985352e+00
8.655573844909667969e+00
1.038579940795898438e+01
1.450740814208984375e+00
1.378904151916503906e+01
-3.449631118774414062e+01
3.399814605712890625e+01
1.207539939880371094e+01
-1.515261936187744141e+01
6.254477500915527344e+00
2.079475593566894531e+01
7.904737949371337891e+00
1.177625942230224609e+01
-1.687959671020507812e+01
1.533906459808349609e+01
-2.764775466918945312e+01
-1.985359072685241699e+00
-1.414054870605468750e+01
-3.292115783691406250e+01
-2.053849601745605469e+01
-1.994537711143493652e-01
2.104043197631835938e+01
2.703025436401367188e+01
-6.583017706871032715e-01
2.580630493164062500e+01
-5.135115623474121094e+00
-3.343102264404296875e+01
2.355820465087890625e+01
-3.671389341354370117e+00
2.203331565856933594e+01
-4.228271961212158203e+00
-9.928535461425781250e+00
1.132032394409179688e+01
-6.026429176330566406e+00
-5.146571350097656250e+01
1.638078689575195312e+01
1.237064599990844727e+00
1.737990379333496094e+01
1.207399559020996094e+01
3.408396911621093750e+01
1.182536602020263672e+01
-1.745682144165039062e+01
-7.859679698944091797e+00
3.552707672119140625e+00
2.418529891967773438e+01
-2.376536369323730469e+01
-1.431289100646972656e+01
-2.925839996337890625e+01
-1.816047668457031250e+01
1.158656215667724609e+01
7.997294425964355469e+00
-2.821121978759765625e+01
1.970452880859375000e+01
8.828258514404296875e+00
2.331880187988281250e+01
-1.012231445312500000e+01
1.428793716430664062e+01
-4.155077934265136719e+00
1.306875133514404297e+01
-3.082112789154052734e+00
3.254838466644287109e+00
6.514155864715576172e-01
-9.483369827270507812e+00
-9.126821756362915039e-01
-3.708028793334960938e+00
2.547935009002685547e+00
-2.359900665283203125e+01
-1.418912601470947266e+01
-1.762901115417480469e+01
7.632199764251708984e+00
-1.984676420688629150e-01
3.853411102294921875e+01
-3.688937759399414062e+01
5.977166175842285156e+00
-9.130668640136718750e-01
-3.690509080886840820e+00
1.357315349578857422e+01
1.287202072143554688e+01
-1.002766704559326172e+01
1.604114913940429688e+01
