5.462745763361454010e-02
-1.152875018306076527e-03
-5.327546037733554840e-02
-6.323480280116200447e-03
9.875649958848953247e-02
8.890691772103309631e-02
1.399188712239265442e-01
2.157086692750453949e-02
-9.897420182824134827e-02
-2.358004823327064514e-01
5.257838219404220581e-02
-8.922859653830528259e-02
1.153020281344652176e-02
-1.805163919925689697e-02
-4.591148160398006439e-02
2.004701457917690277e-02
9.964810311794281006e-02
6.936568021774291992e-02
-1.403711810708045959e-01
-1.436111927032470703e-01
-3.632606565952301025e-02
-1.002849778160452843e-02
1.946220919489860535e-02
-3.288392163813114166e-02
4.655900411307811737e-02
7.109817862510681152e-02
-2.485954575240612030e-02
1.036558784544467926e-01
-6.426308304071426392e-02
7.721239235252141953e-04
5.103299207985401154e-02
-3.840603865683078766e-02
-2.049291133880615234e-02
-1.873895805329084396e-02
4.365529865026473999e-02
8.340479806065559387e-02
3.763657435774803162e-02
-6.598672270774841309e-02
8.611426874995231628e-02
-1.787346135824918747e-02
-3.643901646137237549e-02
1.730880513787269592e-01
1.828904263675212860e-02
-2.361430414021015167e-02
-2.241695765405893326e-02
-2.080713980831205845e-03
-5.560218356549739838e-02
3.114194795489311218e-02
-1.088687554001808167e-01
3.965580277144908905e-02
3.018049057573080063e-02
-6.792620196938514709e-02
-3.104182519018650055e-02
6.463880464434623718e-02
-1.632205024361610413e-02
7.969573140144348145e-03
-2.613388840109109879e-02
-7.484845118597149849e-03
-3.199530206620693207e-02
1.332696620374917984e-02
-1.731467396020889282e-01
1.202266523614525795e-02
3.798399306833744049e-02
4.678093362599611282e-03
-5.421894602477550507e-03
4.398836567997932434e-02
-3.561818599700927734e-02
-2.165348157286643982e-01
1.605812832713127136e-01
5.549153545871376991e-03
-8.404074236750602722e-03
1.448420202359557152e-02
1.271889135241508484e-01
1.692688912153244019e-01
7.853369414806365967e-02
1.392926881089806557e-02
4.958944581449031830e-02
-8.644719421863555908e-02
-7.553827762603759766e-02
9.595729038119316101e-02
-3.209778107702732086e-02
3.222491778433322906e-02
8.582138270139694214e-02
-1.933993846178054810e-01
-2.437391597777605057e-02
1.477134674787521362e-01
4.309110157191753387e-02
1.741448938846588135e-01
-3.541319817304611206e-02
5.337367020547389984e-02
4.047376289963722229e-02
1.635929793119430542e-01
1.080684876069426537e-02
-1.351496577262878418e-01
4.538870044052600861e-02
6.838187202811241150e-02
-1.452642604708671570e-01
-3.770496509969234467e-02
-3.391841053962707520e-02
-2.599954884499311447e-02
-8.618029579520225525e-02
2.808187529444694519e-02
1.367942616343498230e-01
-2.427432406693696976e-02
3.171517699956893921e-02
-1.287451907992362976e-01
-1.783415600657463074e-01
7.861487567424774170e-02
-1.213934039697051048e-02
-5.095999129116535187e-02
2.803875412791967392e-02
-2.712177578359842300e-03
-6.647970061749219894e-03
-1.437741937115788460e-02
-1.859560981392860413e-01
-9.609344229102134705e-02
-2.189699746668338776e-02
-6.759732216596603394e-02
-5.426652729511260986e-02
6.858225539326667786e-02
-3.349062241613864899e-02
9.497851878404617310e-02
1.008775271475315094e-01
8.574991300702095032e-02
1.718725543469190598e-02
2.745973318815231323e-02
8.905227482318878174e-02
2.661387622356414795e-02
