4.241845384240150452e-02
-2.602547127753496170e-02
-3.455840982496738434e-02
7.190577685832977295e-02
-3.180955164134502411e-02
3.653674013912677765e-02
-2.155795134603977203e-02
-9.269887208938598633e-02
1.412773318588733673e-02
-9.302156791090965271e-02
1.026765350252389908e-02
-1.737244520336389542e-02
-3.208352066576480865e-02
8.969841897487640381e-02
-7.561087608337402344e-02
3.110638540238142014e-02
2.938119880855083466e-02
1.224982254207134247e-01
6.489982083439826965e-02
-4.318338818848133087e-02
9.028641134500503540e-02
2.694661077111959457e-02
2.154590468853712082e-02
6.622298154979944229e-03
4.760972410440444946e-02
4.636303894221782684e-02
1.362340748310089111e-01
4.008197970688343048e-02
-2.481656800955533981e-02
-6.423240527510643005e-02
2.000987008213996887e-01
8.170934766530990601e-02
8.161805570125579834e-02
-3.813057020306587219e-02
-1.217545904219150543e-01
3.349382989108562469e-02
1.026541553437709808e-02
-1.170282401144504547e-01
1.359662935137748718e-01
-4.643525369465351105e-02
2.182509377598762512e-02
1.226623430848121643e-01
-4.869969561696052551e-02
7.104675844311714172e-02
-1.165395900607109070e-01
7.007620856165885925e-02
-5.631048232316970825e-02
-2.400658465921878815e-02
3.399245999753475189e-02
-2.709482982754707336e-02
-5.615353211760520935e-02
-1.961431279778480530e-02
-2.774480078369379044e-02
-9.735792118590325117e-04
-3.073335718363523483e-02
4.395813308656215668e-02
-1.599560976028442383e-01
2.995275799185037613e-02
2.226138766855001450e-02
1.070467121899127960e-01
-8.537938818335533142e-02
-2.560025453567504883e-02
-1.344687640666961670e-01
5.045567639172077179e-02
1.014363672584295273e-02
7.013176102191209793e-03
3.281228616833686829e-02
6.374103575944900513e-02
8.363083377480506897e-02
-8.841900527477264404e-02
-1.029001846909523010e-01
5.954185128211975098e-02
7.932035252451896667e-03
-2.867914736270904541e-02
1.135564297437667847e-01
5.482494644820690155e-02
1.078532300889492035e-01
-2.056700550019741058e-02
4.406151548027992249e-02
-4.504721239209175110e-02
-1.240968666970729828e-01
3.291121684014797211e-02
1.468988060951232910e-01
-1.031223870813846588e-01
7.463052496314048767e-02
4.350580647587776184e-02
1.171068102121353149e-01
3.361680172383785248e-02
3.995188698172569275e-02
8.075422607362270355e-03
-8.280562236905097961e-03
1.079035922884941101e-01
-6.875550607219338417e-03
-5.127352103590965271e-02
9.479955956339836121e-02
6.790249794721603394e-02
-9.781336039304733276e-02
3.393247537314891815e-02
3.120582923293113708e-02
-6.516259163618087769e-02
7.531389966607093811e-02
3.204782307147979736e-02
-6.704922020435333252e-02
8.810421824455261230e-02
-3.906791470944881439e-02
-8.079111948609352112e-02
8.299327269196510315e-02
-6.129520479589700699e-03
-8.596827462315559387e-02
-4.445488750934600830e-02
-1.185992732644081116e-02
-9.471541643142700195e-02
6.828492507338523865e-02
3.300685994327068329e-02
-6.743565946817398071e-02
-2.719241380691528320e-02
9.798582177609205246e-03
-7.047872245311737061e-02
-5.608792975544929504e-02
4.883280210196971893e-02
6.853308901190757751e-02
-8.905382454395294189e-02
6.246724538505077362e-02
5.661326460540294647e-02
-1.132451056037098169e-03
-4.522276483476161957e-02
-4.205057024955749512e-02
-4.050766490399837494e-02
