1.571163272857666016e+01
-5.454241275787353516e+00
8.614223480224609375e+00
-5.511727809906005859e+00
-1.338870429992675781e+01
-1.307313561439514160e+00
7.793610572814941406e+00
1.455506706237792969e+01
8.091097831726074219e+00
1.064109992980957031e+01
2.333759117126464844e+01
3.652927017211914062e+01
-1.274236011505126953e+01
1.623455047607421875e+01
-8.564249038696289062e+00
2.665378761291503906e+01
2.443021392822265625e+01
-7.637230396270751953e+00
-1.061097526550292969e+01
2.812150573730468750e+01
-1.006667137145996094e+00
-1.581144213676452637e+00
-2.147798728942871094e+01
1.172349691390991211e+00
1.567673587799072266e+01
-7.679115772247314453e+00
-7.842794895172119141e+00
-3.880665540695190430e+00
1.564715099334716797e+01
-3.680177211761474609e+00
-3.207395935058593750e+01
5.474113941192626953e+00
1.000414943695068359e+01
2.301720809936523438e+01
1.018797159194946289e+00
7.043992996215820312e+00
-2.265336227416992188e+01
-2.691971588134765625e+01
-8.238512992858886719e+00
4.917632341384887695e-01
-7.308513164520263672e+00
1.837701225280761719e+01
2.115863227844238281e+01
-6.389357089996337891e+00
-7.418136119842529297e+00
-1.039769351482391357e-01
1.737794685363769531e+01
-2.399866676330566406e+01
1.589266872406005859e+01
7.422563076019287109e+00
6.470180988311767578e+00
1.243703746795654297e+01
-1.902089118957519531e+01
3.023503541946411133e+00
2.253861045837402344e+01
-1.978860092163085938e+01
6.109426021575927734e+00
1.814719676971435547e+00
1.771179771423339844e+01
8.227682113647460938e+00
2.316485786437988281e+01
-8.821432113647460938e+00
-4.566506385803222656e+00
-1.075108909606933594e+01
-1.755035591125488281e+01
-3.416828870773315430e+00
8.809103965759277344e+00
-1.536720991134643555e+00
-3.224254608154296875e+00
-1.022417926788330078e+01
-1.023751354217529297e+01
1.768145942687988281e+01
9.689263343811035156e+00
7.429354786872863770e-01
9.696667671203613281e+00
-1.528330802917480469e+01
-1.561656570434570312e+01
-1.536688709259033203e+01
-3.054656982421875000e+00
-6.683478832244873047e+00
2.719795417785644531e+01
3.410272598266601562e+01
9.674434661865234375e+00
-6.289733886718750000e+00
4.279383659362792969e+00
3.034523582458496094e+01
-5.382599830627441406e+00
9.662686347961425781e+00
-1.110720062255859375e+01
9.784393310546875000e+00
-3.143963241577148438e+01
-2.718465614318847656e+01
2.881503295898437500e+01
5.571948528289794922e+00
4.917336463928222656e+00
-1.520217037200927734e+01
1.666197967529296875e+01
1.539533329010009766e+01
-1.424176788330078125e+01
-1.085701847076416016e+01
3.526535987854003906e+00
-6.918609142303466797e+00
-1.405885601043701172e+01
-6.654943466186523438e+00
-6.444939613342285156e+00
-4.731260299682617188e+00
-2.140078353881835938e+01
1.789561462402343750e+01
-1.464044094085693359e+01
2.170828056335449219e+01
1.040898227691650391e+01
-5.986079692840576172e+00
-1.046871948242187500e+01
1.409487247467041016e+00
1.282402038574218750e+01
-8.936526298522949219e+00
-5.467880249023437500e+00
-6.103271007537841797e+00
1.606140708923339844e+01
1.414381408691406250e+01
-2.815633964538574219e+01
2.707175970077514648e+00
1.602147293090820312e+01
7.835249900817871094e+00
1.547275733947753906e+01
-3.759730148315429688e+01
7.702235698699951172e+00
-2.392431259155273438e+01
-2.003970146179199219e+01
-1.795707893371582031e+01
-4.529186248779296875e+01
-1.250339603424072266e+01
1.831848335266113281e+01
1.794619441032409668e+00
1.713671493530273438e+01
-7.198995590209960938e+00
1.440799331665039062e+01
-1.380478620529174805e+00
-1.416721057891845703e+01
1.842867851257324219e+01
-1.436531066894531250e+01
2.290491485595703125e+01
-4.260276794433593750e+00
-9.309475898742675781e+00
-3.729858398437500000e+00
-1.706197857856750488e+00
-1.385383224487304688e+01
1.945962715148925781e+01
-4.027983188629150391e+00
1.139114856719970703e+01
6.346490383148193359e+00
3.574913406372070312e+01
2.856987571716308594e+01
-7.472211718559265137e-01
1.143600106239318848e+00
-9.176238059997558594e+00
2.352932929992675781e+01
-1.506279468536376953e+01
3.067693710327148438e+00
-2.234525871276855469e+01
-6.118353366851806641e+00
2.678094291687011719e+01
7.235099792480468750e+00
1.687832450866699219e+01
9.926311492919921875e+00
1.847242164611816406e+01
9.359624862670898438e+00
7.841673851013183594e+00
5.150741577148437500e+00
-8.229166984558105469e+00
5.849434375762939453e+00
-6.220011234283447266e+00
-1.664386558532714844e+01
5.535311698913574219e-01
-1.338251781463623047e+01
-1.378791451454162598e+00
-3.496960401535034180e+00
-2.412901222705841064e-01
-1.515121650695800781e+01
-5.861500263214111328e+00
5.028387069702148438e+00
-4.164086341857910156e+00
-3.313139200210571289e+00
6.028004646301269531e+00
-1.833346176147460938e+01
1.765154123306274414e+00
-8.424042701721191406e+00
3.932345628738403320e+00
9.399905204772949219e+00
6.180793285369873047e+00
-2.050471305847167969e+01
-9.975547790527343750e+00
