3.405414199829101562e+01
2.372368431091308594e+01
7.948307991027832031e+00
4.544609069824218750e+00
-7.326424598693847656e+00
-9.072226524353027344e+00
3.150737762451171875e+01
3.838881015777587891e+00
-6.734464645385742188e+00
-1.919430017471313477e+00
1.744207000732421875e+01
1.277216053009033203e+01
-9.581283569335937500e+00
3.889368438720703125e+01
6.729414939880371094e+00
7.235930442810058594e+00
1.689831542968750000e+01
1.129628276824951172e+01
-1.299499893188476562e+01
2.759075880050659180e+00
-1.364860057830810547e+01
-1.449101066589355469e+01
3.511531591415405273e+00
2.545279312133789062e+01
1.808332443237304688e+01
1.822822570800781250e+00
8.908305168151855469e+00
-3.196561813354492188e+01
1.942221069335937500e+01
-4.278003692626953125e+01
-4.960643768310546875e+01
-1.149419784545898438e+01
-2.042838096618652344e+00
-2.772895097732543945e+00
-2.226011753082275391e-01
-1.435186386108398438e+01
4.245974540710449219e+00
-1.873436355590820312e+01
5.807686328887939453e+00
1.721451187133789062e+01
1.259449768066406250e+01
3.190769767761230469e+01
1.718138504028320312e+01
-1.501141548156738281e+01
1.154709243774414062e+01
-2.098505020141601562e+01
-1.255350112915039062e+00
-6.132889747619628906e+00
1.591369056701660156e+01
-3.086445617675781250e+01
6.083309173583984375e+00
3.068615341186523438e+01
-3.349160003662109375e+01
2.840215921401977539e+00
1.957290267944335938e+01
-1.170771598815917969e+01
-2.669264602661132812e+01
3.592798709869384766e+00
8.172878265380859375e+00
4.763873291015625000e+01
1.242722702026367188e+01
1.144047141075134277e+00
-3.378701400756835938e+01
-9.057746887207031250e+00
2.712119293212890625e+01
6.149850845336914062e+00
7.494255065917968750e+00
-2.601327323913574219e+01
7.015576362609863281e+00
-1.972193002700805664e+00
-3.280402374267578125e+01
2.993644714355468750e+01
4.086997985839843750e+01
-4.329395675659179688e+01
-2.500176906585693359e+00
1.154511690139770508e+00
-1.364508056640625000e+01
-2.896466827392578125e+01
-1.181852531433105469e+01
2.130730056762695312e+01
9.929265975952148438e+00
3.145386886596679688e+01
1.473382949829101562e+01
-1.386699104309082031e+01
3.230455398559570312e+01
2.244742202758789062e+01
-2.194655227661132812e+01
3.656607055664062500e+01
-3.005295753479003906e+01
3.559723615646362305e+00
-2.729472732543945312e+01
-3.510586547851562500e+01
-5.498450756072998047e+00
2.772430801391601562e+01
1.157128572463989258e+00
-2.846941184997558594e+01
5.849164962768554688e+00
-2.244568634033203125e+01
-4.311787414550781250e+01
-2.015173339843750000e+01
2.098291397094726562e+01
-5.063118457794189453e+00
1.515085220336914062e+01
-3.683712768554687500e+01
-1.250739336013793945e+00
-1.078716659545898438e+01
-2.326858139038085938e+01
-6.175605773925781250e+00
-1.769663619995117188e+01
8.563241958618164062e+00
-8.033306598663330078e-01
-4.247009277343750000e+01
-4.585855007171630859e-01
-1.600239372253417969e+01
-1.104027462005615234e+01
1.467826604843139648e+00
9.394672393798828125e+00
-9.564023971557617188e+00
-1.792878913879394531e+01
4.309543609619140625e+00
9.388109207153320312e+00
-1.034166526794433594e+01
-1.556477355957031250e+01
1.864846038818359375e+01
1.337200546264648438e+01
-1.847307968139648438e+01
-1.220069503784179688e+01
-3.346747589111328125e+01
-3.388109588623046875e+01
8.865962982177734375e+00
-1.196277999877929688e+01
2.287427711486816406e+01
-3.719164371490478516e+00
-2.010704803466796875e+01
3.333022594451904297e-01
-1.893696069717407227e+00
1.709257888793945312e+01
2.136976003646850586e+00
5.953791141510009766e+00
-7.697929859161376953e+00
-6.944645881652832031e+00
-1.034438323974609375e+01
6.669206619262695312e+00
4.378200531005859375e+00
-8.639533996582031250e+00
3.151798248291015625e+01
4.101689338684082031e+00
3.902545928955078125e+01
1.940039443969726562e+01
2.256808280944824219e-01
-1.698007965087890625e+01
4.664360046386718750e+00
-1.028310775756835938e+01
1.920220613479614258e+00
-6.140501022338867188e+00
-2.459181404113769531e+01
-7.777931690216064453e-01
1.046578407287597656e+01
7.139757871627807617e-01
-2.885213088989257812e+01
-1.908988952636718750e+00
-8.104183197021484375e+00
-5.381512165069580078e+00
-6.941003799438476562e+00
-1.254415225982666016e+01
2.162550544738769531e+01
1.239713478088378906e+01
1.912520408630371094e+01
-4.860184669494628906e+00
4.341513633728027344e+00
1.697043609619140625e+01
5.531555652618408203e+00
1.484787368774414062e+01
-1.398912048339843750e+01
1.768960571289062500e+01
9.858716726303100586e-01
-1.473886489868164062e+01
-2.735145187377929688e+01
7.547619819641113281e+00
-1.330575180053710938e+01
-2.058313751220703125e+01
1.199901580810546875e+01
-1.821558713912963867e+00
2.195584678649902344e+01
-2.106714248657226562e+01
1.968101263046264648e+00
-3.360017013549804688e+01
-5.090517520904541016e+00
3.486296463012695312e+01
1.230029582977294922e+01
-4.185591220855712891e+00
7.298871994018554688e+00
